Benchmarks	
	system.cpu.cpi
	system.cpu.dcache.overall_miss_rate::total
	system.cpu.icache.overall_miss_rate::total
	system.l2.overall_miss_rate::total
	

spechmmer_default	0.118530	1.185304	0.001629	0.000221	0.077747	
spechmmer_0	0.118513	1.185128	0.001579	0.000215	0.080361
spechmmer_1	0.118508	1.185082	0.001621	0.000215	0.078273
spechmmer_2	0.118281	1.182809	0.000542	0.000208	0.234851
spechmmer_3	0.117879	1.178793	0.000367	0.000343	0.154827
spechmmer_4	0.117879	1.178793	0.000367	0.000343	0.154827
spechmmer_5	0.117813	1.178125	0.000367	0.000063	0.199527
spechmmer_6	0.117811	1.178110	0.000367	0.000056	0.200911
spechmmer_7	0.117811	1.178110	0.000367	0.000056	0.200911
spechmmer_8	0.117955	1.179548	0.000852	0.000063	0.083406